0.380689
0.437576
0.303236
0.416144
0.480480
0.555052
0.444280
0.440739
0.223198
0.494133
0.306733
0.263579
0.445122
0.418686
0.440739
0.466635
0.416144
0.416144
0.326732
0.309464
0.445639
0.414960
0.447383
0.441439
0.353747
0.247837
0.435836
0.431300
0.455313
0.427366
0.493743
0.409957
0.444280
0.354228
0.413337
0.420794
0.395868
0.420794
0.420794
0.373024
0.166048
0.465617
0.312352
0.474670
0.406558
0.420794
0.439684
0.391180
0.461993
0.266044
0.433658
0.423940
0.171390
0.411251
0.395924
0.440739
0.431381
0.417810
0.443005
0.353615
0.355513
0.448480
0.433947
0.436275
0.436275
0.457601
0.538638
0.443005
0.438824
0.441439
0.441477
0.424925
0.378842
0.445967
0.284212
0.346809
0.395291
0.443005
0.409267
0.409267
0.449705
0.416144
0.405162
0.465789
0.478426
0.481716
0.441967
0.395291
0.424925
0.422022
0.445122
0.395291
0.441967
0.428424
0.473788
0.418686
0.440272
0.382384
0.436057
0.410439
0.414307
0.465558
0.441552
0.448002
0.420794
0.440739
0.424925
0.424925
0.444280
0.321485
0.317815
0.438824
0.424670
0.485889
0.440189
0.473874
0.418686
0.378041
0.436728
0.436728
0.442350
0.431381
0.441439
0.474883
0.445353
0.411659
0.403887
0.331003
0.482548
0.550444
0.465764
0.235421
0.463664
0.444280
0.444280
0.333263
0.326663
0.425413
0.420794
0.500044
0.399182
0.429390
0.423166
0.448949
0.454053
0.446032
0.465025
0.386621
0.441439
0.011443
0.333263
0.326663
0.443193
0.427888
0.447383
0.420794
0.444280
0.461811
0.441967
0.428424
0.399327
0.443005
0.277146
0.395387
0.411761
0.447799
0.420794
0.420794
0.459880
0.462539
0.397594
0.257755
0.412113
0.424925
0.410605
0.414592
0.436167
0.436728
0.465025
0.436728
0.337655
0.295784
0.469414
0.410605
0.266702
0.467253
0.445639
0.416144
0.441639
0.356007
0.332247
0.247106
0.332247
0.438213
0.303030
0.303030
0.451204
0.308480
0.278975
0.355793
0.432914
0.320743
0.145845
0.121349
0.254934
0.440739
0.444152
0.439684
0.443005
0.444280
0.307054
0.395924
0.446032
0.441439
0.431450
0.420794
0.493198
0.448002
0.414960
0.444280
0.386627
0.408423
0.434654
0.395924
0.513675
0.435320
0.443005
0.443005
0.441439
0.420538
0.447504
0.436276
0.414099
0.272279
0.320822
0.416736
0.443005
0.444280
0.424925
0.424925
0.445122
0.441967
0.441967
0.389003
0.411260
0.424925
0.424925
0.395869
0.431381
0.106499
0.386627
0.444280
0.410605
0.411260
0.424925
0.428424
0.377791
0.444283
0.437576
0.437576
0.428187
0.452464
0.468286
0.445791
0.460282
0.458781
0.474670
0.420794
0.431381
0.446032
0.445122
0.445122
0.385516
0.440739
0.458839
0.487314
0.558987
0.411761
0.475514
0.443005
0.447799
0.428424
0.381732
0.396734
0.436728
0.431381
0.436728
0.470507
0.411251
0.221432
0.445122
0.442350
0.436275
0.483075
0.417810
0.151825
0.441967
0.197187
0.441439
0.279485
0.435836
0.438824
0.488416
0.416144
0.448048
0.437576
0.437576
0.382384
0.416144
0.488168
0.413337
0.444280
0.447799
0.493268
0.447799
0.440739
0.385516
0.469888
0.469827
0.436728
0.414307
0.441264
0.443005
0.446149
0.443005
0.444280
0.469700
0.416144
0.489257
0.395291
0.423120
0.396636
0.448002
0.441237
0.369684
0.330339
0.344222
0.390147
0.395291
0.399296
0.420794
0.422286
0.430494
0.415740
0.400824
0.461979
0.460765
0.411251
0.385516
0.441264
0.441264
0.440272
0.032403
0.034275
0.440739
0.437576
0.390147
0.439159
0.445122
0.445122
0.445122
0.438824
0.438824
0.437168
0.395924
0.491087
0.051277
0.324382
0.516008
0.511617
0.516057
0.516057
0.516057
0.502659
0.516008
0.411487
0.424925
0.424925
0.436643
0.445122
0.420794
0.468323
0.425723
0.273431
0.416144
0.443005
0.447799
0.447799
0.447799
0.447799
0.440739
0.444280
0.400314
0.479274
0.483896
0.288348
0.448002
0.481206
0.352217
0.429755
0.441439
0.480201
0.435971
0.448048
0.448048
0.435971
0.389003
0.443005
0.413337
0.424634
0.439520
0.391311
0.413337
0.445639
0.525438
0.487269
0.440739
0.441264
0.060989
0.438213
0.435836
0.420794
0.440739
0.431072
0.419908
0.431381
0.416144
0.419908
0.364843
0.471163
0.424925
0.416144
0.185006
0.079416
0.073516
0.470390
0.447799
0.444280
0.411761
0.441967
0.441967
0.420794
0.394895
0.379299
0.485290
0.422619
0.443005
0.439684
0.416144
0.441393
0.435971
0.448048
0.448048
0.389003
0.443005
0.443005
0.435971
0.441264
0.385632
0.564900
0.393671
0.414099
0.414099
0.386075
0.387936
0.435971
0.435971
0.448048
0.493352
0.507082
0.403869
0.224032
0.438462
0.493352
0.507082
0.403869
0.429181
0.436402
0.446412
0.470639
0.410891
0.405995
0.436728
0.422534
0.415833
0.395387
0.437576
0.474924
0.317534
0.446938
0.441264
0.436275
0.485419
0.447799
0.442732
0.496196
0.350062
0.334032
0.334032
0.334032
0.348528
0.441439
0.414307
0.423559
0.442350
0.446032
0.442350
0.431381
0.442350
0.444280
0.448048
0.435836
0.504316
0.448048
0.441967
0.418020
0.424925
0.445122
0.479682
0.411533
0.437739
0.207463
0.218778
0.439399
0.458944
0.440419
0.440739
0.436728
0.436728
0.442350
0.412240
0.445639
0.423120
0.396636
0.436728
0.441439
0.436275
0.395069
0.414960
0.414960
0.485910
0.428424
0.441967
0.441967
0.414960
0.442350
0.378842
0.424209
0.298625
0.427390
0.435836
0.320364
0.441755
0.452045
0.451822
0.449679
0.416144
0.393671
0.447799
0.406558
0.480305
0.440739
0.416144
0.337624
0.236262
0.337624
0.273431
0.398755
0.381183
0.437576
0.441439
0.447799
0.316918
0.424925
0.445122
0.436057
0.420794
0.424925
0.298625
0.396734
0.189397
0.447799
0.411761
0.422619
0.386075
0.386627
0.445122
0.447799
0.435971
0.340269
0.446966
0.420584
0.492645
0.446032
0.354370
0.354370
0.537105
0.417371
0.324445
0.357515
0.482236
0.274606
0.414960
0.437576
0.431381
0.422104
0.444280
0.420794
0.444280
0.424634
0.416144
0.420794
0.428424
0.428424
0.411487
0.420794
0.395291
0.471866
0.480211
0.444280
0.395291
0.547170
0.517540
0.490700
0.490700
0.554386
0.563677
0.414047
0.356535
0.304391
0.303215
0.436275
0.455983
0.444280
0.436402
0.395405
0.448048
0.428424
0.441967
0.424209
0.356535
0.435836
0.556297
0.279502
0.442048
0.426533
0.423120
0.090618
0.412030
0.460104
0.450493
0.421175
0.446966
0.441967
0.351727
0.441439
0.447799
0.440272
0.441967
0.379783
0.435320
0.378666
0.428424
0.441439
0.441439
0.416492
0.416492
0.441439
0.441439
0.435971
0.490833
0.436643
0.443782
0.214032
0.461770
0.463533
0.484057
0.286082
0.464483
0.418510
0.436057
0.435122
0.395405
0.437576
0.266559
0.308986
0.504722
0.444280
0.440272
0.436402
0.433947
0.481102
0.448002
0.428424
0.431043
0.435971
0.447799
0.447799
0.411260
0.448048
0.448048
0.422619
0.416144
0.416144
0.424925
0.440739
0.411251
0.424925
0.395868
0.428195
0.416165
0.464617
0.440739
0.419927
0.435971
0.437576
0.442732
0.433947
0.438824
0.445122
0.464267
0.441967
0.424925
0.424925
0.411208
0.435836
0.448048
0.429847
0.424925
0.482509
0.400585
0.429847
0.400314
0.416144
0.411208
0.527933
0.435836
0.473491
0.469414
0.436437
0.312199
0.448048
0.426735
0.414960
0.396734
0.438213
0.396734
0.431381
0.335785
0.448048
0.448048
0.416144
0.403887
0.424925
0.436276
0.402857
0.498150
0.428424
0.465008
0.443005
0.445122
0.411487
0.447799
0.414960
0.447383
0.543606
0.408423
0.497620
0.470390
0.332346
0.445639
0.396734
0.416144
0.443005
0.443005
0.396734
0.494204
0.416492
0.441439
0.282918
0.303794
0.358716
0.504911
0.448048
0.416144
0.428642
0.171390
0.416492
0.420794
0.193822
0.438024
0.440739
0.140874
0.395291
0.432873
0.459098
0.438824
0.424925
0.289830
0.424925
0.447037
0.488033
0.289830
0.427988
0.423120
0.404387
0.441439
0.445122
0.424925
0.201905
0.435971
0.443005
0.332064
0.448048
0.345674
0.441439
0.440739
0.444280
0.447799
0.444280
0.438824
0.441439
0.385632
0.395869
0.470078
0.465500
0.507137
0.416736
0.441906
0.414307
0.480864
0.491687
0.424370
0.529164
0.420188
0.441967
0.441967
0.414099
0.424925
0.479228
0.436275
0.431381
0.411701
0.446032
0.435320
0.424870
0.395405
0.307781
0.420794
0.443005
0.428424
0.393671
0.488977
0.488977
0.447799
0.435971
0.411208
0.392887
0.489792
0.440751
0.435836
0.441967
0.414099
0.440272
0.444280
0.443005
0.448048
0.262104
0.440739
0.445122
0.433947
0.386627
0.444280
0.414960
0.306733
0.440739
0.444280
0.306159
0.382384
0.224918
0.441967
0.414960
0.198167
0.435971
0.495613
0.399296
0.414960
0.445639
0.395291
0.414592
0.436795
0.253447
0.399503
0.587326
0.409957
0.445287
0.440144
0.475374
0.372388
0.437576
0.445639
0.435836
0.447383
0.424925
0.386075
0.421991
0.399296
0.474629
0.441439
0.366977
0.278196
0.428424
0.441264
0.424925
0.420291
0.443385
0.412030
0.414307
0.442163
0.443005
0.435971
0.416144
0.447799
0.420794
0.447799
0.227960
0.441967
0.441967
0.477348
0.395291
0.453015
0.448048
0.447799
0.386627
0.447799
0.431381
0.448002
0.439684
0.038965
0.442350
0.362885
0.393671
0.426185
0.330112
0.447799
0.445530
0.439684
0.443005
0.306159
0.431381
0.447383
0.442732
0.448048
0.409957
0.511051
0.424925
0.382384
0.395868
0.409515
0.496418
0.211380
0.447799
0.395291
0.416144
0.493198
0.431381
0.416144
0.395868
0.429797
0.435320
0.409957
0.347886
0.400314
0.443005
0.448048
0.379783
0.420794
0.436275
0.395291
0.457553
0.453967
0.373586
0.290536
0.406558
0.434306
0.395868
0.301279
0.428424
0.239117
0.307781
0.553530
0.515106
0.460486
0.441439
0.296665
0.389003
0.435971
0.332598
0.171390
0.442130
0.429052
0.370482
0.355724
0.439684
0.393671
0.485280
0.440272
0.443005
0.444280
0.440739
0.413620
0.435971
0.437576
0.463856
0.473874
0.436057
0.443005
0.411208
0.445122
0.524123
0.444280
0.441264
0.449290
0.442350
0.449290
0.436785
0.436785
0.439684
0.491155
0.491155
0.445639
0.589979
0.328525
0.451822
0.450416
0.450416
0.416970
0.473261
0.428424
0.324382
0.412030
0.446865
0.431381
0.448048
0.428424
0.437576
0.411260
0.450380
0.420794
0.447383
0.493198
0.441967
0.447504
0.420794
0.439159
0.439159
0.437739
0.424925
0.436057
0.488846
0.436057
0.447383
0.420794
0.440272
0.436057
0.437576
0.445122
0.410464
0.442732
0.411260
0.411260
0.414960
0.424925
0.485246
0.440272
0.293927
0.197022
0.436728
0.399633
0.431381
0.443005
0.395868
0.424925
0.395868
0.424925
0.445122
0.477737
0.469414
0.448002
0.424634
0.435836
0.508980
0.447799
0.443005
0.435971
0.507864
0.435971
0.418566
0.464232
0.464245
0.480201
0.411805
0.408168
0.428612
0.348127
0.437576
0.437576
0.428424
0.448048
0.122994
0.448002
0.560479
0.384352
0.395924
0.436275
0.395291
0.440739
0.443005
0.440272
0.490432
0.437576
0.441264
0.421980
0.414592
0.386370
0.415074
0.444280
0.424631
0.412240
0.444280
0.435971
0.436057
0.395868
0.421980
0.394641
0.441264
0.446032
0.174824
0.188662
0.420794
0.420794
0.448048
0.411487
0.359619
0.444280
0.381732
0.439684
0.307081
0.162414
0.295779
0.307081
0.435836
0.440739
0.435971
0.435971
0.478873
0.463759
0.435971
0.372107
0.201863
0.441439
0.441439
0.441264
0.448002
0.438462
0.346659
0.422449
0.416144
0.385853
0.399570
0.435836
0.382384
0.441264
0.411701
0.382384
0.386627
0.347902
0.414960
0.421381
0.416823
0.399570
0.343837
0.441967
0.445122
0.445122
0.420794
0.437576
0.396067
0.448002
0.411251
0.453710
0.428424
0.395868
0.445639
0.461882
0.443005
0.411260
0.436402
0.289830
0.397594
0.453362
0.461994
0.461994
0.428424
0.441967
0.486072
0.436728
0.445122
0.424925
0.206201
0.395868
0.444280
0.447383
0.447383
0.409957
0.447383
0.447383
0.446032
0.442350
0.435971
0.393671
0.393671
0.426735
0.474870
0.431381
0.446032
0.442350
0.443005
0.476424
0.441439
0.420794
0.447799
0.441967
0.441439
0.327814
0.370948
0.352999
0.385853
0.494390
0.392152
0.479427
0.445639
0.441439
0.444280
0.444280
0.411260
0.488041
0.294094
0.448405
0.414960
0.414960
0.488033
0.490894
0.334774
0.441551
0.437576
0.420794
0.485750
0.414960
0.490894
0.378666
0.416144
0.445639
0.446966
0.482605
0.488033
0.428424
0.395868
0.440272
0.436728
0.474241
0.352217
0.446966
0.439159
0.316556
0.447799
0.443005
0.382384
0.475641
0.479256
0.382384
0.443193
0.415833
0.341278
0.416144
0.189194
0.260603
0.393671
0.419265
0.440272
0.415074
0.447799
0.436057
0.411260
0.447799
0.411260
0.420794
0.441439
0.378041
0.414960
0.415833
0.436223
0.415833
0.341278
0.437576
0.230145
0.329855
0.216318
0.329855
0.448048
0.431381
0.442350
0.442350
0.145153
0.333913
0.448002
0.441264
0.367710
0.514174
0.448002
0.443946
0.411260
0.411260
0.415074
0.448048
0.440272
0.415074
0.440739
0.120684
0.436275
0.421980
0.420794
0.465897
0.343083
0.414294
0.442732
0.442732
0.410464
0.416144
0.439684
0.395291
0.456787
0.485290
0.480935
0.463856
0.424925
0.414960
0.447799
0.222425
0.445639
0.439451
0.457929
0.444280
0.211603
0.411487
0.413337
0.385853
0.483990
0.496855
0.336298
0.412512
0.473397
0.336452
0.333928
0.448048
0.447504
0.447504
0.346495
0.420794
0.441439
0.424670
0.420794
0.440739
0.489853
0.433031
0.148702
0.416144
0.416144
0.413337
0.377791
0.490804
0.393671
0.385853
0.416144
0.413337
0.447383
0.411487
0.438213
0.447383
0.411487
0.444280
0.444280
0.507993
0.441967
0.420794
0.477056
0.447799
0.414294
0.447383
0.405718
0.441264
0.441264
0.441264
0.382384
0.442732
0.295784
0.379783
0.407267
0.523623
0.528494
0.485060
0.445639
0.416144
0.447383
0.448048
0.400995
0.486395
0.125159
0.052855
0.455050
0.414960
0.417272
0.444280
0.416823
0.416144
0.416144
0.426735
0.411211
0.407411
0.436728
0.436402
0.474262
0.411761
0.417908
0.101460
0.440739
0.384728
0.436057
0.436057
0.328525
0.353665
0.435320
0.395924
0.448002
0.477947
0.420375
0.385632
0.418686
0.445639
0.416644
0.417272
0.436728
0.232536
0.447383
0.413217
0.395291
0.444280
0.438824
0.165958
0.440739
0.441967
0.445122
0.435320
0.438824
0.389003
0.389003
0.456307
0.447799
0.086004
0.409957
0.438824
0.445122
0.446748
0.419354
0.302918
0.411659
0.301223
0.414960
0.428424
0.395405
0.420794
0.440739
0.120684
0.448048
0.437576
0.448002
0.487850
0.449620
0.424925
0.446748
0.431381
0.445122
0.428424
0.346495
0.424925
0.440008
0.441967
0.450905
0.325580
0.451805
0.517151
0.445122
0.441439
0.411533
0.441264
0.439346
0.244381
0.448002
0.310932
0.478556
0.224551
0.399296
0.396734
0.447799
0.411326
0.385516
0.473120
0.448048
0.420794
0.395291
0.437576
0.221788
0.440739
0.424925
0.190881
0.441439
0.395405
0.554857
0.102233
0.443005
0.443005
0.435971
0.437576
0.411251
0.395291
0.420794
0.207463
0.441439
0.445122
0.435424
0.467545
0.445122
0.414099
0.469578
0.182202
0.441439
0.184949
0.349091
0.424925
0.104914
0.411761
0.414099
0.440283
0.386627
0.391180
0.447799
0.441439
0.438824
0.441967
0.117580
0.439159
0.441439
0.443005
0.416144
0.443005
0.299387
0.307081
0.424925
0.424925
0.441439
0.319669
0.411251
0.435836
0.433565
0.419553
0.440272
0.332700
0.591157
0.479845
0.431381
0.413337
0.492163
0.407267
0.448002
0.382384
0.487155
0.417030
0.435320
0.447504
0.435320
0.435836
0.411487
0.216065
0.447799
0.435836
0.405286
0.444280
0.411251
0.440272
0.404381
0.510604
0.306401
0.318230
0.446032
0.220636
0.441264
0.415074
0.395291
0.350860
0.395924
0.436402
0.445122
0.447383
0.414307
0.428081
0.447799
0.441264
0.362396
0.352590
0.467603
0.421456
0.429742
0.429742
0.410268
0.445639
0.445639
0.393671
0.439886
0.447383
0.348127
0.411208
0.396636
0.423120
0.445801
0.446032
0.420794
0.420794
0.447383
0.441439
0.333363
0.436728
0.436884
0.447799
0.447799
0.420794
0.444280
0.272697
0.468763
0.445122
0.441439
0.424925
0.416144
0.439684
0.495178
0.404150
0.379783
0.307090
0.451982
0.444280
0.441264
0.307081
0.478643
0.436728
0.409957
0.443005
0.435971
0.443005
0.448048
0.472612
0.447504
0.444280
0.466292
0.403887
0.414307
0.447383
0.351727
0.412030
0.415872
0.395405
0.426656
0.436057
0.440739
0.420794
0.421995
0.490742
0.436057
0.456572
0.448015
0.453433
0.466066
0.438824
0.420794
0.441967
0.433947
0.284441
0.441264
0.395291
0.446412
0.385632
0.416144
0.448048
0.172996
0.431381
0.328532
0.483403
0.404989
0.447799
0.436275
0.431381
0.485090
0.427605
0.444280
0.448048
0.441439
0.435836
0.465039
0.438824
0.385632
0.456080
0.433797
0.451961
0.447799
0.445122
0.471263
0.171390
0.205524
0.324445
0.479820
0.473213
0.466066
0.395868
0.268423
0.444280
0.444280
0.445122
0.444280
0.439159
0.473877
0.454770
0.428424
0.148702
0.247754
0.440739
0.413337
0.332247
0.494782
0.491274
0.437576
0.441967
0.435971
0.443005
0.331066
0.408542
0.388422
0.330112
0.445639
0.365309
0.201905
0.201863
0.437576
0.444280
0.493198
0.443005
0.448048
0.416144
0.493198
0.416736
0.445122
0.445122
0.478938
0.434536
0.414960
0.414960
0.441967
0.445639
0.445122
0.489853
0.386627
0.444280
0.469414
0.413217
0.421940
0.283527
0.455381
0.445122
0.444280
0.435971
0.424499
0.413337
0.411208
0.448682
0.494063
0.330724
0.444280
0.330112
0.443775
0.418453
0.448048
0.443005
0.395405
0.483437
0.424634
0.474329
0.492911
0.526691
0.442350
0.491983
0.424925
0.406558
0.420538
0.391180
0.437649
0.436057
0.504686
0.470390
0.444280
0.438824
0.447504
0.059645
0.331968
0.411260
0.328068
0.444280
0.420794
0.416144
0.464329
0.473475
0.448905
0.446032
0.453623
0.471504
0.266779
0.416144
0.411208
0.448048
0.436026
0.424925
0.441552
0.424870
0.420794
0.301885
0.416144
0.378041
0.441552
0.411208
0.424925
0.440739
0.440739
0.418686
0.440739
0.395291
0.490696
0.444280
0.440272
0.420794
0.417655
0.447799
0.441264
0.441264
0.298052
0.448002
0.441264
0.348127
0.424925
0.397844
0.416144
0.493198
0.410464
0.420794
0.441967
0.266633
0.445639
0.392152
0.395291
0.444993
0.435836
0.438824
0.438824
0.478643
0.448048
0.478643
0.329802
0.370102
0.329802
0.416823
0.440272
0.470418
0.447799
0.413217
0.478643
0.592758
0.441264
0.441264
0.434654
0.416823
0.438824
0.439684
0.439684
0.443005
0.416144
0.396734
0.328525
0.447799
0.445122
0.445639
0.385516
0.439684
0.416144
0.443045
0.416144
0.440739
0.420794
0.327945
0.405995
0.424925
0.441967
0.516534
0.399115
0.385632
0.477954
0.446412
0.437576
0.311391
0.460970
